11.855720 46.161945 30.309692
11.088112 45.768448 31.466187
9.982760 44.737179 32.855042
8.822582 44.092106 33.949890
8.434917 42.999813 35.040100
8.154405 41.696178 35.835815
8.404592 40.458294 36.813110
8.946339 39.438038 38.059875
9.150953 38.362637 39.093933
9.627873 36.896881 40.068420
10.303194 35.644585 40.666931
11.097192 34.540951 41.260193
11.636319 32.895821 42.665405
11.680931 31.480774 44.060364
11.709479 29.274239 45.312683
11.719630 28.076687 45.819397
11.727750 26.654039 46.363037
11.734249 25.515926 46.797974
11.739448 23.831057 47.422485
11.743607 22.483154 47.922058
11.746932 21.095087 48.598328
11.749591 19.984644 49.139343
12.051120 18.321924 49.433838
12.292346 16.991741 49.669434
12.485326 15.308095 49.857910
12.639709 13.961185 50.008667
12.912920 12.109269 50.682434
13.131487 10.627777 51.221436
13.006937 9.287709 51.514343
12.907301 8.215615 51.748657
12.977294 6.738487 52.074402
13.033287 5.556771 52.335022
13.227782 3.991904 52.405212
13.383380 2.740037 52.461365
13.058747 0.964124 52.644592
12.799045 -0.456607 52.791138
12.441579 -2.367532 52.770142
12.155605 -3.896298 52.753296
11.627430 -5.274185 52.463318
11.204891 -6.376494 52.231323
10.866855 -8.032669 52.183960
10.596429 -9.357595 52.146118
10.207010 -10.986728 52.340454
9.769146 -12.340349 52.132996
9.418854 -13.423286 51.967041
8.644968 -14.703915 51.976929
7.608316 -14.681236 52.322998
6.538624 -13.833281 52.997986
5.487123 -13.223744 53.073853
3.823261 -11.881429 53.321411
2.638631 -10.185980 53.452209
1.281656 -8.419456 53.701843
-0.814355 -6.886193 54.082886
-1.892277 -6.272227 54.218384
-3.203720 -4.542067 54.050171
-4.252872 -3.157965 53.915649
-5.241896 -1.431177 53.669739
-6.033115 -0.049720 53.473022
-7.115197 1.674952 53.177368
-7.980862 3.054690 52.940796
-9.421902 5.087734 52.613281
-10.574730 6.714156 52.351257
-11.796397 8.325040 51.726807
-12.773731 9.613734 51.227234
-14.181091 10.911883 50.258972
-15.429993 11.992969 49.776428
-16.929007 14.014343 48.943237
-17.648855 16.299162 48.161133
-17.904800 17.386892 47.821594
-17.510750 19.031429 47.826538
-17.195511 20.347067 47.830505
-16.494213 21.709316 47.003967
-15.933176 22.799129 46.342712
-15.184945 24.445322 45.952026
-14.586360 25.762281 45.639465
-13.059577 27.125622 45.389404
-11.838152 28.216293 45.189392
-10.112509 29.553419 45.029358
-8.731994 30.623133 44.901306
-7.028775 31.478889 44.798889
-5.666197 32.163502 44.716980
-3.079122 32.091698 44.651428
-1.009461 32.034275 44.598999
1.245076 31.988325 44.695312
3.048709 31.951563 44.772339
4.940717 31.457535 44.972290
6.454321 31.062317 45.132202
7.964608 29.816896 45.260132
9.172834 28.820574 45.362488
13.357657 25.568623 45.838867
14.235783 24.337814 46.102051
15.237688 22.423946 46.727417
16.039209 20.892866 47.227722
16.680426 19.048489 47.904541
17.193403 17.573013 48.445984
17.304380 15.308492 49.017456
17.393160 13.496875 49.474609
17.613886 11.118368 50.116882
17.790468 9.215575 50.630737
17.782032 6.918921 51.041809
17.775286 5.081651 51.370667
17.320778 2.837428 51.357178
16.957176 1.042076 51.346375
16.067488 -1.323472 51.614319
15.355738 -3.215884 51.828674
14.486938 -5.194447 52.000122
13.791895 -6.777298 52.137329
12.786759 -8.972792 51.970520
11.982651 -10.729200 51.837097
11.189661 -12.134328 51.592041
9.898052 -14.467479 51.239136
8.352853 -16.518242 51.289856
6.435781 -17.149332 51.820129
4.250761 -16.190300 52.657349
3.207728 -15.574019 53.077942
2.073899 -13.841942 53.276123
1.166837 -12.456320 53.434692
-0.007921 -10.418581 53.561523
-0.947722 -8.788391 53.662964
-4.027733 -1.808774 53.584473
-4.762380 0.112796 53.404785
-5.050694 2.579306 52.984497
-5.281349 4.552514 52.648254
-5.465868 6.750587 52.379272
-5.613482 8.509045 52.164062
-5.132767 10.380431 51.991882
-4.748198 11.877528 51.854187
-3.991439 13.849578 51.744019
-3.386032 15.427205 51.655884
-2.452604 16.844200 51.447083
-1.705862 17.977783 51.280029
-0.359958 18.729769 51.008118
0.716766 19.331371 50.790588
2.326650 19.967520 50.893127
3.614560 20.476460 50.975159
5.393399 20.573851 50.902466
6.816470 20.651770 50.844360
8.703429 20.249477 50.659546
10.213002 19.927652 50.511719
11.720058 19.515310 50.393433
14.189624 17.992329 50.223145
15.200759 17.037825 50.162598
16.458773 15.499836 50.252441
18.914423 11.103889 50.427856
19.878813 9.513699 50.326355
20.650318 8.241533 50.245178
21.117825 6.914094 50.595093
21.491831 5.852117 50.875000
21.791035 4.537901 51.237183
22.030396 3.486569 51.526978
21.323677 2.180882 51.343933
20.758303 1.136294 51.197510
20.306002 -0.009124 51.356934
19.355288 -2.123096 52.139648
17.908503 -4.157462 52.806519
16.353809 -5.707254 53.150330
14.789943 -6.699147 53.204468
13.729187 -6.869333 53.432678
12.793060 -5.440999 54.277344
12.840403 -2.904736 54.064026
12.923769 -1.383440 53.926697
13.140169 0.607949 53.678589
13.313284 2.201048 53.480103
13.991580 8.349702 52.851929
14.535605 9.824120 53.041138
15.372849 11.567900 52.392212
16.556147 10.638819 52.684082
17.254786 8.749249 52.435913
17.701912 6.982394 52.277039
18.628744 3.719765 51.641418
18.042322 1.285521 52.266418
17.684111 -0.199476 52.350342
17.397541 -1.387474 52.417480
16.715420 -3.098129 52.763062
12.732853 -8.509177 53.041870
14.389063 -9.382587 52.408569
15.962494 -11.064614 51.852539
17.174244 -13.287283 51.046326
17.738159 -14.490554 50.821167
18.488695 -15.917764 49.949585
19.089125 -17.059546 49.252319
19.868868 -18.127871 48.694519
20.841995 -19.821070 47.753052
21.494736 -21.338398 46.901550
23.031761 -21.875603 45.515076
24.189980 -21.667465 45.303040
25.254227 -20.475765 45.499512
26.354515 -19.217485 45.431641
26.998812 -17.792721 45.056335
27.620750 -16.230433 44.954468
28.677473 -14.796875 45.138123
29.743000 -13.167015 45.366333
30.394995 -11.442410 45.374084
30.393114 -9.781143 45.544983
30.451780 -7.850647 45.875610
30.279755 -5.654889 46.363770
29.211563 -3.103551 47.035767
28.565622 -1.852213 47.336121
27.150663 -0.851195 48.129578
26.018700 -0.050381 48.764343
24.364616 1.209750 49.410400
23.041349 2.217908 49.927246
21.982737 2.714648 50.340698
16.476709 3.956002 51.732056
15.234014 3.950250 52.199402
11.047778 2.805427 53.587402
9.992658 2.565223 53.960266
8.849154 1.443806 53.843689
6.903114 -0.635719 53.952393
4.969018 -3.267522 54.243225
4.081742 -4.616251 54.346619
3.072511 -6.314741 54.152771
-0.083501 -13.647887 53.223267
-0.559081 -15.088783 52.839294
-0.939547 -16.241541 52.532104
-1.243917 -17.473440 51.871460
-1.682210 -20.331497 50.643616
-1.838054 -21.829519 50.084167
-1.513620 -23.182810 49.359985
-1.254076 -24.265482 48.780640
-0.597335 -25.596226 48.455444
-0.071938 -26.660784 48.195312
1.493017 -27.915030 47.322876
2.498549 -28.670752 47.012695
4.695022 -29.449219 46.427734
5.808660 -29.588329 46.158325
7.597776 -29.234997 45.527954
9.029070 -28.952345 45.023621
10.323806 -29.035984 44.758423
11.359600 -29.102896 44.546265
12.936738 -28.846624 43.961731
14.198449 -28.641661 43.494080
15.956327 -28.477690 43.258240
17.362629 -28.346512 43.069580
18.787073 -27.622065 43.056946
19.926630 -27.042479 43.046814
21.586786 -25.649584 43.177002
22.914911 -24.535240 43.281128
24.127113 -23.024326 43.502747
25.096874 -21.815567 43.680054
26.022383 -19.764473 43.960144
31.502115 -7.315361 45.572388
31.595680 -4.757081 45.888855
31.670532 -2.710417 46.142029
31.281311 -0.608478 46.206299
30.969933 1.073085 46.257690
30.271723 3.192677 46.575378
29.713158 4.888324 46.829529
28.368095 6.090007 47.447693
27.292046 7.051354 47.942261
25.982103 8.130192 48.337891
24.934151 8.993222 48.654419
23.347275 9.993381 49.322449
22.077778 10.793533 49.856873
20.313669 11.278769 50.422729
16.725443 11.357977 51.514038
11.667677 9.361099 52.760803
10.338878 8.429241 53.298950
9.275836 7.683767 53.729492
7.826598 6.158108 53.797363
6.667205 4.937581 53.851685
5.589989 3.341706 54.033386
4.728213 2.064979 54.178772
3.739395 -0.195377 54.295105
2.948334 -2.003688 54.388123
2.016089 -4.224703 54.185974
1.270291 -6.001543 54.024292
1.004731 -9.954041 52.795776
0.760608 -12.288580 52.082397
0.565311 -14.156198 51.511719
0.558771 -16.889292 50.640320
0.553541 -19.075794 49.943237
0.100248 -20.979843 49.247253
-0.262385 -22.503122 48.690491
0.023818 -27.484341 46.893127
0.125581 -29.100515 46.115784
0.206988 -30.393507 45.493896
0.571517 -31.737608 44.443237
0.863141 -32.812874 43.602722
1.821998 -34.082592 42.641296
3.513526 -34.616360 41.777100
4.564060 -34.961029 41.193237
6.975036 -34.992764 40.905640
8.231478 -34.797520 41.049194
9.536031 -34.641350 41.025818
10.579675 -34.516388 41.007080
12.163098 -34.416420 40.577271
13.429841 -34.336483 40.233398
15.191743 -34.582241 40.096558
16.601259 -34.778877 39.987122
18.028275 -34.471561 39.484741
19.169888 -34.225670 39.082825
20.532284 -33.719212 38.346436
21.622198 -33.314045 37.757324
23.242645 -32.370483 37.424316
24.539001 -31.615622 37.157898
25.875483 -31.011703 36.806519
26.944675 -30.528585 36.525391
28.548536 -29.367695 36.023926
29.831619 -28.439011 35.622742
31.307192 -27.386290 34.886963
32.487648 -26.544151 34.298340
33.581715 -25.405809 34.104004
35.905682 -23.611713 33.685913
37.064651 -22.904984 33.475769
38.440937 -22.029854 33.307678
39.541962 -21.329737 33.173218
40.422779 -19.685530 32.927368
41.127434 -18.370190 32.730652
41.691158 -17.008171 32.434998
42.142139 -15.918557 32.198486
42.652626 -14.272498 32.147583
43.061012 -12.955638 32.106812
43.836826 -10.663150 32.074219
44.457481 -8.829185 32.048157
44.504894 -6.587607 32.165588
44.542831 -4.794371 32.259521
44.124069 -2.740302 32.196411
43.789066 -1.097020 32.145874
43.670761 1.146806 32.796875
43.576118 2.941894 33.317688
43.350700 5.152330 33.872620
43.170372 6.920706 34.316528
42.577003 9.109787 34.395142
42.102306 10.861039 34.458008
41.123745 13.191247 34.784851
40.340889 15.055428 35.046326
39.265507 17.166258 35.393799
38.405197 18.854929 35.671753
37.267845 20.825361 36.032410
36.357967 22.401699 36.320984
34.582150 23.507908 36.828369
33.161499 24.392857 37.234253
31.126768 25.255722 38.250366
29.498980 25.945988 39.063293
27.148846 26.188440 40.128479
25.268736 26.382429 40.980652
23.016142 26.382727 42.215454
21.214066 26.382990 43.203308
18.574791 25.453941 44.546753
16.463367 24.710716 45.621460
8.820900 21.884661 48.195007
6.863843 20.926058 48.816650
4.100584 19.849401 49.728821
-0.627018 17.369801 50.904053
-5.809651 13.095840 51.524780
-7.535228 11.726780 51.480469
-8.915687 10.631479 51.445007
-10.020055 8.671165 51.416687
-11.909753 5.073981 51.375854
-12.714714 3.450799 51.361328
-13.508382 0.758367 51.349731
-14.143317 -1.395540 51.340454
-14.800967 -3.428452 50.918152
-15.327086 -5.054741 50.580322
-15.897683 -7.130167 49.895203
-16.354164 -8.790506 49.347107
-17.318151 -11.048018 48.355530
-18.089342 -12.854015 47.562256
-18.855999 -15.228093 46.651062
-19.469322 -17.127316 45.922119
-20.409084 -19.111300 44.785828
-21.160892 -20.698515 43.876831
-21.762341 -22.278059 42.734741
-22.243498 -23.541695 41.821106
-22.778126 -25.017170 40.813599
-23.205828 -26.197565 40.007629
-22.799484 -27.296766 39.224548
-22.364048 -29.034464 38.096924
-22.055428 -30.425375 37.513550
-21.588451 -31.594332 37.250793
-20.571018 -33.240719 36.806030
-18.842010 -35.068802 36.023621
-17.256401 -36.827259 35.163330
-15.642806 -38.324421 34.502136
-13.981359 -39.747200 33.802368
-12.199464 -41.184330 32.718445
-10.580009 -42.537750 31.416321
-8.795042 -43.651699 30.223450
-6.455051 -44.674400 29.487671
-5.356922 -45.175705 29.287476
-3.729911 -45.421860 29.265625
-2.428302 -45.618755 29.248169
-0.638503 -45.311707 29.095886
0.793331 -45.066082 28.974060
2.238204 -45.179276 29.153198
3.394104 -45.269855 29.296509
5.067330 -45.187408 29.549438
6.405908 -45.121487 29.751770
8.225279 -44.604118 29.913635
9.680779 -44.190224 30.043152
11.443983 -43.549347 30.008423
12.854546 -43.036674 29.980652
15.030908 -42.316788 29.958435
16.771999 -41.740841 29.940674
18.913376 -41.434978 29.235046
20.626476 -41.190281 28.670532
22.296360 -40.839661 28.218933
23.632271 -40.559189 27.857666
25.599209 -39.405571 27.568665
27.172758 -38.482639 27.337463
28.730999 -37.744308 26.875916
29.977591 -37.153614 26.506714
31.873074 -35.596947 25.934753
33.389465 -34.351624 25.477234
34.901974 -33.510281 25.526001
36.111984 -32.837204 25.565063
37.379395 -31.679226 25.319702
38.393326 -30.752855 25.123413
40.102680 -28.772772 24.551575
41.470161 -27.188730 24.094116
41.665936 -25.301939 23.451538
41.822556 -23.792543 22.937500
42.097553 -22.120369 22.526245
42.317558 -20.782682 22.197266
43.391766 -20.177113 22.487244
45.088333 -18.995396 22.904724
46.443592 -17.371817 23.586792
46.981617 -15.217647 24.216919
46.973316 -14.176364 24.379517
46.816971 -13.033590 25.062683
46.891235 -11.233148 26.876160
47.050705 -10.524171 27.889709
46.729176 -9.337496 28.977112
46.266186 -7.164019 30.681274
44.786652 -3.380715 33.305298
44.319130 -2.073971 34.139282
43.945114 -1.028588 34.806458
43.047092 0.427185 35.616760
42.328674 1.591843 36.265015
41.454544 3.607696 36.645325
40.755230 5.220365 36.949585
39.896381 6.820274 37.469543
39.209297 8.100175 37.885498
38.210529 10.053349 38.494812
37.411514 11.615901 38.982300
36.472904 13.795164 39.372253
35.722012 15.538548 39.684265
35.121296 18.172268 39.518982
34.640724 20.279230 39.386780
33.956863 21.964794 38.727905
33.409775 23.313259 38.200806
32.083046 26.648914 37.939575
31.611324 27.680048 37.293579
31.081743 29.319759 36.639832
31.161976 30.647959 35.613037
31.752239 31.621868 33.739014
33.267742 32.245190 31.820557
35.405331 32.798988 29.403503
36.364967 33.064716 28.113892
37.432079 32.967556 26.114258
38.285767 32.889835 24.514526
39.417828 32.517891 22.819946
40.323475 32.220329 21.464233
41.646801 31.672548 19.826599
42.705460 31.234322 18.516479
43.552387 30.574007 16.915222
44.229931 30.045763 15.634216
44.921661 29.623140 14.609436
46.217167 28.549955 12.995483
47.734917 27.336569 12.128479
49.065556 25.661749 11.794800
49.917168 24.125214 11.857788
50.462193 23.110874 12.395935
50.811016 21.718275 13.653015
51.034256 20.021704 15.425537
50.877731 18.533203 17.306641
50.238625 17.766439 19.533813
49.878323 17.631460 20.632996
48.991280 17.058851 22.203735
48.281639 16.600790 23.460327
47.264820 16.234333 25.433594
46.451370 15.941169 27.012207
45.201801 15.861498 28.828247
44.202145 15.797761 30.281067
42.803612 15.746784 31.996460
41.684784 15.705990 33.368774
39.265293 15.926028 36.589417
37.357117 15.849399 38.425903
33.561436 16.668262 41.347046
31.746120 17.372412 42.508606
29.844763 17.626005 43.714417
28.323675 17.828854 44.679077
26.657703 18.146019 45.312500
25.324926 18.399744 45.819275
24.258703 19.222212 46.086365
22.873045 20.871212 46.471008
21.956284 22.608017 46.025757
21.848598 24.431999 45.049438
22.707829 26.590532 43.899109
23.212938 27.633337 43.305725
24.215837 28.467573 42.001343
25.018152 29.134962 40.957825
26.408508 29.978621 39.155029
27.520796 30.653547 37.712769
29.009432 31.503222 35.729309
30.200340 32.182976 34.142517
31.901575 32.417030 32.319946
42.432693 30.231222 18.001953
49.281593 24.357683 8.945679
50.010906 23.523943 7.460938
51.043461 22.082582 5.720032
51.869507 20.929495 4.327271
52.230934 19.852146 2.521667
52.520081 18.990273 1.077209
53.050797 17.681280 -0.908081
53.475376 16.634113 -2.496277
53.964733 15.641492 -3.766846
54.356224 14.847389 -4.783325
54.669411 13.437766 -5.734741
54.919964 12.310068 -6.495911
56.089149 11.243727 -7.591980
56.029037 10.003695 -6.551147
55.990578 8.652519 -5.636047
57.043800 7.509019 -4.054810
56.819477 6.482943 -3.077759
56.795860 5.005418 -1.255920
56.720860 2.975680 1.071655
56.561127 1.772145 2.267944
56.133926 0.654430 3.778137
55.792175 -0.239742 4.986267
55.668476 -0.955066 6.644226
55.569523 -1.527312 7.970581
55.041252 -2.294869 9.169922
54.729641 -3.090393 11.588379
54.818447 -3.235587 12.755554
54.140984 -3.506602 14.380737
53.599014 -3.723401 15.680847
53.464844 -3.587133 17.135803
53.357510 -3.478106 18.299744
53.271633 -2.926224 19.369202
52.998272 -1.357192 21.185791
52.404167 1.040820 22.846191
52.059860 2.237611 23.559448
51.485008 3.659664 24.268372
51.025127 4.797346 24.835510
50.507526 6.636732 25.427490
50.093441 8.108241 25.901062
49.612473 9.595155 26.279907
49.227695 10.784674 26.583008
48.620472 12.510668 27.102051
48.134693 13.891463 27.517273
47.746067 14.996087 27.296326
47.795868 17.709909 25.869446
48.223518 18.825211 24.871826
48.839333 20.895908 22.328979
49.058289 21.838642 20.933228
49.233456 22.747725 19.263489
49.373585 23.474981 17.927673
49.934795 23.901903 15.891052
50.383762 24.243431 14.261780
50.760815 24.456495 10.422180
51.044582 24.377386 8.088989
51.271595 24.314077 6.222473
51.752609 24.418312 4.314392
52.137417 24.501719 2.787964
52.295563 23.794065 0.737122
52.422081 23.227934 -0.903564
52.822697 22.465271 -2.907532
53.143196 21.855139 -4.510681
53.100185 20.592661 -6.622925
53.065781 19.582684 -8.312683
53.038258 18.774696 -10.079346
53.016235 18.128332 -11.492676
53.447723 17.456348 -12.761597
53.792912 16.918781 -13.776733
53.769657 15.714354 -15.003723
53.586472 13.515355 -16.770569
53.499180 11.581454 -18.177887
53.413368 9.600378 -19.576385
53.238689 7.836895 -20.830994
52.977192 6.708205 -21.744568
52.690079 5.676178 -22.605804
52.805721 4.148338 -23.378235
52.819859 2.984672 -23.734314
52.439678 1.558453 -23.989868
51.926899 -0.097722 -23.987488
51.341984 -0.925313 -22.947296
51.975464 1.104623 -22.440460
52.348366 2.523437 -21.751312
53.198460 2.211164 -20.526886
53.605473 1.437987 -19.391388
52.732864 -0.091374 -19.037231
52.234299 -1.463310 -19.794495
51.526001 -2.898917 -21.385406
50.503819 -4.685013 -23.952332
49.940777 -5.595383 -25.356689
48.592136 -6.478580 -27.033295
47.513222 -7.185110 -28.374573
46.051285 -7.905194 -30.277283
44.881733 -8.481276 -31.799469
43.047886 -9.097027 -33.293762
41.580807 -9.589602 -34.489197
39.658630 -9.983661 -36.413513
38.120892 -10.298909 -37.952972
36.291893 -9.931626 -39.461090
34.828693 -9.637801 -40.667603
32.610229 -9.092994 -42.324219
30.835455 -8.657147 -43.649506
28.667124 -7.843838 -44.986298
26.932461 -7.193176 -46.055725
25.245331 -5.433660 -47.187836
23.895626 -4.026087 -48.093536
22.666161 -2.125674 -49.371216
21.682589 -0.605305 -50.393372
20.746025 0.765838 -50.657959
19.996775 1.862725 -50.869629
19.247675 2.895149 -50.900696
18.618078 5.311079 -50.668854
18.593822 6.583045 -50.463501
19.173222 8.994478 -50.160919
19.636745 10.923652 -49.918854
20.905775 13.551091 -49.033813
21.920998 15.653063 -48.325775
23.182280 18.263874 -46.929657
24.191305 20.352522 -45.812775
25.297926 22.023441 -44.366119
26.183226 23.360168 -43.208801
27.639973 24.739311 -42.144684
28.805365 25.842613 -41.293396
29.887383 26.725246 -40.197510
31.595198 27.996256 -38.066315
32.268955 28.448168 -37.062714
34.047546 29.098928 -35.368622
35.129040 28.865700 -34.766266
36.386990 27.445728 -34.313751
37.251957 25.514771 -34.770844
38.194759 23.845306 -35.671814
38.768211 21.909554 -36.469696
39.165165 20.020216 -37.118622
39.538971 18.067636 -37.782837
39.329102 16.632130 -39.148254
38.086994 16.116083 -40.685852
36.393841 15.909698 -41.255096
34.322193 16.397114 -41.702393
33.252937 16.845755 -42.045807
31.948425 17.824160 -42.873657
30.904812 18.606890 -43.535919
29.620823 19.078209 -43.927460
28.593632 19.455242 -44.240692
26.723965 20.531237 -44.906128
25.228235 21.392054 -45.438477
23.432840 22.390425 -45.726074
21.996531 23.189123 -45.956146
19.649872 24.447601 -46.278503
17.772539 25.454372 -46.536377
15.372468 26.724421 -46.742676
13.452413 27.740446 -46.907715
11.018158 28.708141 -46.763184
9.070753 29.482309 -46.647552
6.764318 30.256512 -46.831604
4.919168 30.875866 -46.978851
2.993946 31.371349 -46.958374
1.453770 31.767723 -46.941986
0.071930 32.239704 -46.652313
-1.033549 32.617298 -46.420563
-2.217330 33.383995 -45.820343
-3.323166 34.797787 -45.094299
-2.803348 36.415016 -44.048859
-0.674249 38.596096 -41.996948
0.615034 39.715763 -40.898621
2.394968 40.921249 -39.881683
3.818920 41.885635 -39.068146
5.856287 42.657127 -38.002472
7.486179 43.274334 -37.149933
9.538602 43.613216 -36.053040
11.180542 43.884331 -35.175537
13.092899 43.946350 -34.196960
14.622782 43.995972 -33.414124
16.295794 44.035675 -33.202667
17.634205 44.067444 -33.033508
18.854637 43.783073 -32.759918
20.761755 43.218727 -32.780792
22.102079 42.423897 -33.679138
23.408981 41.357689 -34.558289
24.155582 39.807995 -35.425171
23.974722 37.855980 -37.003265
23.469746 34.841125 -39.534332
23.223661 33.149708 -40.864471
22.278290 31.022184 -42.896545
21.521990 29.320190 -44.522217
20.168444 26.874474 -45.961029
16.872025 23.042871 -48.447784
15.101154 21.542866 -49.516327
13.085652 19.723381 -50.509460
11.473253 18.267775 -51.303955
9.285130 16.328915 -52.216095
7.534625 14.777834 -52.945831
5.086314 13.227248 -53.391327
3.127663 11.986753 -53.747742
0.812236 10.684638 -53.756287
-1.040105 9.642958 -53.763123
-3.120782 9.429069 -53.906891
-4.785325 9.257957 -54.021912
-6.865470 9.275940 -53.699066
-8.529586 9.290354 -53.440796
-10.908792 9.611618 -52.957611
-12.812152 9.868617 -52.571075
-15.233049 10.384002 -51.846985
-17.169767 10.796309 -51.267731
-19.018545 12.210231 -50.112915
-20.497568 13.341367 -49.189056
-22.129890 15.175529 -47.758575
-23.435749 16.642839 -46.614166
-24.330736 18.900816 -45.283813
-25.046724 20.707209 -44.219513
-25.769217 23.236431 -42.400116
-26.347210 25.259789 -40.944611
-26.809603 27.962601 -39.227081
-27.179516 30.124838 -37.853058
-27.176048 32.629002 -35.924133
-27.173271 34.632328 -34.381012
-26.422544 37.319107 -32.316833
-25.821962 39.468548 -30.665466
-24.443285 41.962463 -28.099854
-23.340345 43.957592 -26.047363
-21.859186 46.173183 -24.128815
-20.674259 47.945660 -22.593964
-18.678404 49.518528 -21.227814
-17.081722 50.776806 -20.134888
-15.355273 51.938290 -18.983978
-13.974112 52.867504 -18.063263
-11.372172 53.765743 -17.464966
-9.290614 54.484341 -16.986328
-6.577458 54.904316 -16.879974
-4.406938 55.240326 -16.794891
-2.371119 55.509125 -17.003387
-0.742457 55.724174 -17.170197
1.458683 55.741329 -17.441925
3.219593 55.755051 -17.659302
5.376827 55.611145 -18.662872
7.102610 55.496037 -19.465729
9.381449 54.784447 -20.799438
11.204518 54.215176 -21.866394
13.261783 53.449997 -22.028564
14.907596 52.837852 -22.158295
16.823048 52.193272 -21.985504
18.355415 51.677624 -21.847290
20.030411 51.419964 -21.045319
21.370401 51.213840 -20.403717
22.442394 50.894066 -19.475616
23.686661 51.053112 -18.139130
20.799805 49.928223 -22.142822
18.991894 49.710697 -23.632507
17.545559 49.536674 -24.824249
15.190886 48.932827 -26.607361
13.307140 48.449772 -28.033844
10.303130 47.443829 -29.866425
7.899924 46.639080 -31.332489
4.779746 46.150143 -32.781891
2.283601 45.758991 -33.941437
-0.461817 45.910698 -34.177643
-2.658155 46.032055 -34.366608
-4.714625 46.129150 -33.688110
-6.359804 46.206806 -33.145325
-7.526244 47.198204 -31.881409
-8.459402 47.991314 -30.870270
-8.906520 48.625809 -29.508240
-9.264216 49.133392 -28.418610
-9.101270 49.849213 -26.855499
-8.970910 50.421856 -25.605011
-7.968418 51.189709 -25.157745
-5.476908 52.760063 -24.375397
-4.125299 53.524910 -24.035767
-2.295506 53.827034 -23.487488
-0.831672 54.068726 -23.048859
1.387309 54.416965 -22.421417
3.162489 54.695553 -21.919464
6.079648 54.763554 -21.517883
11.477976 54.241985 -20.386505
13.929651 53.781216 -19.738403
16.938908 52.793091 -18.528503
19.346312 52.002590 -17.560608
22.170439 51.060452 -16.509705
24.429737 50.306744 -15.668976
26.686283 49.394028 -14.443298
28.491518 48.663860 -13.462769
30.684221 47.615105 -12.678345
32.438377 46.776108 -12.050781
34.440514 45.485397 -11.548706
36.042221 44.452843 -11.147095
37.173885 43.626804 -10.272644
39.402287 41.972679 -9.013489
40.460739 41.178047 -8.565796
41.606911 40.232601 -7.654480
43.556801 38.406540 -5.374207
44.383163 37.550747 -4.133240
45.193954 36.401497 -2.172485
45.842583 35.482101 -0.603882
46.361488 34.591698 1.342407
46.776615 33.879383 2.899414
46.959015 32.844940 5.527832
47.104931 32.017384 7.630554
47.371361 30.580950 10.280701
47.584507 29.431829 12.400818
47.605328 28.202772 15.203186
47.621986 27.219507 17.445068
47.635311 25.193935 19.515137
47.645969 23.573463 21.171204
47.355091 21.038094 23.325745
47.122391 19.009809 25.049377
46.787296 13.580150 28.029175
46.668152 10.565495 29.226990
46.572842 8.153729 30.185242
46.197186 5.449991 30.536987
45.896664 3.286960 30.818359
45.955650 0.007802 30.628601
46.002831 -2.615538 30.476807
46.339989 -5.333691 29.802246
46.609715 -7.508160 29.262634
45.650803 -12.033300 26.992065
45.908665 -14.261721 25.769897
45.873077 -20.005472 22.637573
46.236183 -21.723598 21.041809
46.526665 -23.098112 19.765198
46.459648 -24.352558 18.329041
46.406036 -25.356153 17.180115
46.213448 -26.623625 15.984436
46.059372 -27.637602 15.027893
45.636707 -28.913403 13.709534
45.298573 -29.934057 12.654846
44.878368 -31.060301 11.257935
44.542206 -31.961283 10.140442
43.824169 -33.146702 9.523010
42.640499 -35.163479 8.219055
41.463779 -37.166637 7.190918
39.722656 -38.975216 6.505249
37.261021 -41.185848 5.402710
36.053104 -42.384823 4.764832
34.338257 -43.498901 4.531128
32.966385 -44.390163 4.344116
31.569483 -45.103172 3.779663
30.451963 -45.673569 3.328125
29.112196 -47.052513 2.429016
28.037027 -47.387924 2.385864
26.189384 -48.025761 1.908936
24.018858 -48.712788 1.686646
22.914442 -49.025917 1.791992
21.731510 -49.741043 1.737976
19.429289 -50.770756 1.798462
18.344582 -51.136913 1.881470
16.878010 -51.429813 2.224426
15.704752 -51.664135 2.498779
14.015264 -52.280350 2.396057
12.815751 -52.499462 2.221252
10.639351 -52.814976 2.107788
8.138659 -53.171745 2.422363
6.916852 -53.367451 2.657104
5.157450 -53.091675 3.492981
4.082782 -52.993622 3.790161
2.086154 -52.852463 5.047852
0.449031 -52.762081 6.516479
-0.598732 -52.704227 7.871277
-1.718401 -52.512356 9.899902
-2.316110 -52.375294 10.989929
-2.794276 -51.800999 12.000244
-3.482835 -51.128983 14.146484
-3.727657 -50.958862 15.216919
-4.619124 -50.435078 16.758301
-6.267509 -49.821114 18.242554
-7.322478 -49.428177 19.939270
-8.296383 -48.668949 20.957397
-9.249701 -47.575699 22.423462
-9.650247 -46.721130 23.914856
-10.176057 -45.740543 26.003296
-10.429545 -45.254250 27.053101
-11.081445 -44.865215 28.169556
-12.169876 -43.685551 29.362366
-12.986235 -42.280094 30.070435
-14.586555 -40.977844 31.021423
-16.059860 -40.454193 31.713013
-17.661467 -40.366852 31.353638
-18.926016 -40.620678 30.155701
-19.735327 -41.030937 28.642212
-20.852091 -41.448338 26.926880
-22.195570 -42.149181 25.220642
-23.025455 -42.845528 23.630859
-23.885927 -43.446072 21.838989
-25.245016 -43.489643 19.558289
-25.927849 -43.298630 18.440063
-26.174715 -43.455593 16.439270
-26.372206 -43.581150 14.838623
-26.230795 -43.836494 12.313599
-26.117666 -44.040733 10.293579
-25.877459 -44.049263 7.847839
-25.685293 -44.056072 5.891235
-26.429773 -44.061562 3.911133
-27.025360 -44.065922 2.327087
-27.501827 -43.449909 0.644958
-27.883001 -42.957134 -0.700745
-28.637045 -42.562878 -1.915588
-29.872564 -41.995193 -3.388367
-30.932762 -41.476963 -3.971436
-32.180149 -40.556808 -3.819153
-33.487469 -39.286430 -2.698364
-34.893017 -38.225643 -0.598267
-35.592369 -37.848442 0.517212
-36.002151 -37.546680 1.962708
-36.329975 -37.305286 3.119080
-37.041340 -37.112160 4.735596
-37.610432 -36.957706 6.028809
-37.766304 -36.524376 8.031372
-37.890999 -36.177723 9.633423
-37.841053 -35.745510 11.329895
-37.801098 -35.399719 12.687073
-37.320030 -35.432842 14.602478
-36.935173 -35.459354 16.134827
-36.627289 -35.325665 17.360718
-35.884533 -35.133198 19.540833
-35.019943 -34.855110 21.406250
-34.376984 -34.724724 22.427856
-33.993896 -36.045620 20.705200
-33.390774 -37.173649 18.334839
-33.043259 -37.781265 17.184753
-32.765251 -38.577057 15.434998
-32.542843 -39.213699 14.035217
-31.766113 -39.877914 12.085693
-31.144726 -40.409233 10.526062
-30.198511 -41.144062 7.895569
-29.441542 -41.731915 5.791138
-28.985666 -42.202206 3.277954
-28.620966 -42.578480 1.267395
-27.556875 -43.956566 -3.867981
-27.477934 -43.517281 -6.661865
-27.414782 -43.165867 -8.896973
-27.813364 -42.575043 -11.099915
-28.132231 -42.102367 -12.862244
-28.836430 -40.640118 -15.240082
-29.399788 -39.470303 -17.142365
-30.299576 -37.450348 -18.940735
-31.019405 -35.834373 -20.379425
-32.493481 -33.922062 -21.530396
-33.672745 -32.392235 -22.451172
-35.214954 -30.394035 -22.496368
-36.448727 -28.795448 -22.532532
-37.884850 -26.897087 -22.008362
-39.033745 -25.378370 -21.589020
-40.551670 -23.389030 -20.976959
-41.766006 -21.797585 -20.487335
-43.635689 -19.904907 -19.127655
-45.131435 -18.390820 -18.039917
-46.627434 -16.869787 -16.201752
-47.824234 -15.652964 -14.731232
-48.781670 -14.214844 -12.863403
-49.547619 -13.064402 -11.369141
-50.310085 -12.298894 -9.482300
-50.920055 -11.686515 -7.972839
-51.557732 -11.041738 -5.797302
-52.067875 -10.525889 -4.056885
-52.176586 -10.577858 -1.973145
-52.263554 -10.619380 -0.306152
-52.183426 -10.807484 1.857117
-52.119328 -10.957967 3.587769
-51.918343 -10.923520 5.940247
-51.757553 -10.895948 7.822205
-51.329521 -11.338539 9.466064
-50.987095 -11.692597 10.781128
-50.413754 -12.130692 12.524597
-49.955078 -12.481179 13.919373
-48.989334 -13.535951 15.311768
-48.216736 -14.379741 16.425659
-47.299259 -15.364493 17.731628
-46.565273 -16.152348 18.776428
-45.379280 -17.556946 20.165405
-44.430485 -18.680677 21.276550
-43.372047 -20.199129 22.442078
-42.525295 -21.413904 23.374451
-40.949684 -22.540611 24.535217
-39.689198 -23.441923 25.463806
-38.081997 -24.937366 26.206665
-36.796242 -26.133696 26.800964
-35.318531 -27.400570 28.106079
-34.136364 -28.414019 29.150208
-32.434044 -29.873426 30.404846
-30.805632 -30.807468 31.207825
-29.224524 -31.683987 31.223877
-29.235935 -31.933645 30.192017
-30.106157 -32.962299 28.582520
-31.014374 -33.328060 27.457153
-32.921013 -33.699841 24.868591
-33.865063 -33.763180 23.518005
-35.069408 -33.658978 21.746155
-36.032887 -33.575603 20.328674
-37.252769 -33.354046 18.088440
-38.228680 -33.176849 16.296265
-39.159107 -32.570423 14.171082
-39.903454 -32.085320 12.470947
-40.948032 -31.232603 10.557739
-41.783699 -30.550404 9.027161
-42.751633 -29.075390 7.526123
-43.525978 -27.895393 6.325317
-45.043667 -25.867308 5.364624
-46.257812 -24.244854 4.596069
-47.528538 -21.707863 3.704712
-48.545116 -19.678257 2.991577
-49.358379 -16.660725 2.559387
-50.008984 -14.246713 2.213623
-50.828880 -10.921668 1.937012
-51.484791 -8.261633 1.715698
-51.859818 -5.514059 1.815247
-52.159843 -3.316052 1.894897
-52.100456 -1.092987 2.926575
-52.052952 0.685439 3.751892
-52.314350 2.417913 4.550415
-52.523464 3.803932 5.189270
-52.241657 5.532241 5.976929
-52.016209 6.914888 6.607056
-51.536446 8.640486 8.079102
-51.152634 10.020951 9.256714
-50.546185 11.744830 11.028503
-50.061028 13.123940 12.445923
-49.074089 15.001575 14.271301
-48.284546 16.503696 15.731567
-47.054096 18.324867 17.314636
-46.069740 19.781830 18.581116
-44.833153 20.947380 20.700562
-43.843884 21.879833 22.396118
-42.154255 22.780651 24.305664
-40.802555 23.501329 25.833313
-38.822987 24.542480 27.470276
-37.239330 25.375395 28.779846
-35.673004 26.661213 30.380615
-34.419941 27.689867 31.661255
-32.219879 28.977438 32.962280
-30.459829 30.007481 34.003113
-28.452982 31.141262 34.697510
-26.847507 32.048294 35.253052
-25.263723 33.083660 35.697449
-23.996695 33.911945 36.052979
-22.533968 34.419727 36.752258
-21.363785 34.825951 37.311646
-20.128237 34.841160 37.759155
-18.498747 35.017921 38.403625
-17.126534 35.564713 38.954346
-15.589631 36.472210 39.279175
-14.470521 37.037842 38.913208
-13.280434 37.398911 38.854370
-13.192401 38.807079 37.683472
-13.640650 39.910213 37.359558
-14.735918 39.779896 36.156677
-13.801268 41.286446 35.128662
-12.383606 42.643078 34.065063
-10.937379 44.068867 33.052551
-9.472871 45.384041 31.989624
-8.296065 46.349651 30.839233
-7.393209 47.587105 28.471313
-7.005655 48.302429 26.953308
-6.246508 49.649040 25.047485
-5.639188 50.726360 23.522827
-4.554528 51.278439 22.026550
-3.686799 51.720104 20.829529
-2.543510 52.538074 20.010193
-0.747481 53.561077 18.692078
0.821141 54.246746 17.737915
2.363991 54.654625 17.265503
3.590940 54.636906 17.350342
4.675585 54.501629 17.902466
5.941265 53.547985 18.681335
6.958242 52.410866 19.722290
7.319835 52.161438 20.922058
7.990235 50.563282 23.479431
8.295129 49.444374 24.757446
9.137850 48.549244 26.747864
9.812027 47.833160 28.340210
10.501070 46.331039 30.028931
11.792703 43.393642 32.598938
12.385015 42.005077 33.574158
13.607368 40.429600 34.630920
14.585257 39.169205 35.476318
16.265778 37.851154 36.014343
17.610188 36.796711 36.444763
19.134825 35.953152 36.789124
20.354534 35.278328 37.064575
22.228510 34.893326 36.731812
23.727694 34.585316 36.465637
25.525843 34.338898 35.699585
26.964367 34.141769 35.086731
28.863691 33.829197 34.181580
30.383154 33.579144 33.457458
40.044804 34.149734 23.027344
40.226254 35.384312 20.662231
40.371407 36.371975 18.770142
40.038425 38.091324 16.011902
39.772038 39.466831 13.805298
39.259529 40.876949 10.657227
38.849522 42.005043 8.138794
37.922707 43.372154 5.017761
37.181259 44.465836 2.520935
35.839592 45.185921 -0.721069
34.766258 45.762001 -3.314636
33.608189 46.377720 -6.080933
32.681740 46.870293 -8.293945
31.940575 47.109505 -10.064331
31.347645 47.300850 -11.480652
30.040537 47.829258 -14.322784
30.385590 48.798508 -13.199219
31.225420 48.658802 -11.605530
31.463512 48.755234 -9.811157
31.526070 49.064728 -7.390625
31.614840 49.174782 -6.161255
31.985258 48.643330 -4.624634
32.281597 48.218163 -3.395325
32.368965 48.032902 -1.443909
32.438862 47.884701 0.117249
32.195374 47.766151 2.472412
32.000584 47.671307 4.356567
31.395655 47.750317 6.555298
30.911709 47.813522 8.314270
30.225142 47.554310 10.136292
29.675896 47.346931 11.593872
28.937090 46.871319 14.004517
28.346048 46.490810 15.933044
28.022915 45.566921 18.582092
27.764412 44.827793 20.701294
27.407906 43.771866 22.949829
27.122702 42.927151 24.748657
26.744839 41.631878 27.155640
26.442549 40.595654 29.081238
25.751608 39.611794 30.621704
25.198853 38.824699 31.854126
24.756647 37.885303 33.254883
24.402887 37.133778 34.375488
23.820473 36.687420 35.825073
23.354546 36.330318 36.984741
22.295353 35.323551 38.512878
23.712574 34.545250 38.605164
25.816959 34.363922 37.700562
26.897850 34.161800 37.378906
28.660776 34.000111 36.568481
30.071115 33.870754 35.920105
31.798193 33.612400 34.571716
33.179859 33.405716 33.493042
35.183399 32.775749 31.800415
36.786228 32.271770 30.446289
38.517597 31.868586 28.533325
39.902691 31.546032 27.002930
41.310173 31.287975 24.948914
42.436161 31.081558 23.305725
43.486649 30.761549 20.746643
44.327042 30.505543 18.699341
45.448456 30.765350 15.678711
46.345592 30.973190 13.262207
47.797394 32.289524 4.463135
47.925339 32.657135 1.800659
47.578587 32.486618 -0.882446
47.301186 32.350220 -3.028931
47.228970 32.550819 -5.022644
47.171200 32.711319 -6.617615
47.274677 32.994598 -8.446716
47.357464 33.221214 -9.910034
47.273994 33.092751 -11.495483
47.207218 32.990002 -12.763855
47.111057 32.005714 -14.341400
46.510586 30.818213 -16.097778
46.665215 29.779442 -17.221832
47.808346 28.588766 -18.242340
47.784401 27.528309 -18.576202
48.348721 25.381775 -18.918671
48.815506 24.343235 -18.978973
49.488335 23.202644 -18.888947
50.756607 21.095583 -18.621002
51.508423 19.065645 -18.200623
52.049465 16.744297 -17.959229
52.374905 15.574780 -17.934845
52.934662 14.329426 -17.915344
54.027298 10.504600 -17.877289
54.406273 9.034282 -17.731018
54.709454 7.858053 -17.614014
54.652596 6.142703 -17.935242
54.607109 4.770370 -18.192230
53.971916 3.207884 -18.812653
52.907532 0.183608 -20.120911
50.474468 -4.673773 -21.954712
49.468189 -5.741238 -23.067200
47.570049 -7.123555 -25.360565
46.695549 -7.546243 -26.483276
45.546848 -8.194127 -27.657990
43.743008 -10.211171 -29.211334
43.035107 -11.410144 -29.702179
42.319088 -13.143742 -29.956573
41.746277 -14.530621 -30.160095
40.689220 -16.259590 -30.322906
39.843571 -17.642767 -30.453156
38.867649 -19.059067 -31.110474
38.086914 -20.192122 -31.636322
36.713821 -21.408285 -32.195282
35.615341 -22.381203 -32.642456
33.538952 -23.933903 -33.415039
31.877836 -25.176050 -34.033112
29.800438 -26.479555 -34.942413
28.138514 -27.522358 -35.669830
26.210171 -28.046867 -36.804901
24.667496 -28.466450 -37.712952
22.834553 -28.802128 -38.854248
21.368195 -29.070629 -39.767273
19.895710 -28.665991 -40.497711
18.717722 -28.342281 -41.082062
16.877121 -27.618692 -42.379211
15.404643 -27.039833 -43.416931
14.076955 -26.421835 -44.247131
13.014802 -25.927408 -44.911285
12.015381 -24.602680 -45.857452
11.215844 -23.542885 -46.614380
11.175018 -21.765781 -47.773041
11.142359 -20.344126 -48.699982
11.715034 -18.897079 -49.164978
12.173178 -17.739429 -49.536957
13.437904 -16.193804 -49.834534
14.449683 -14.957276 -50.072601
16.456717 -13.813181 -50.124786
18.062346 -12.897918 -50.166534
19.646254 -12.320580 -49.370239
20.913378 -11.858685 -48.733185
22.974991 -11.798914 -48.085266
24.624281 -11.751111 -47.566925
26.841919 -11.248288 -46.737427
28.616028 -10.846030 -46.073822
30.334724 -10.524237 -44.851532
31.709675 -10.266776 -43.873688
33.258739 -10.215667 -42.953156
34.497997 -10.174807 -42.216705
36.088207 -10.761599 -40.521301
37.360371 -11.231031 -39.164978
38.378101 -11.761426 -37.526794
39.192291 -12.185767 -36.216248
39.843643 -13.454494 -34.338135
40.364723 -14.469462 -32.835632
41.384541 -17.603624 -29.178619
41.597443 -19.647247 -27.601776
41.767761 -21.282133 -26.340302
41.754318 -22.590067 -25.054565
41.743565 -23.636375 -24.025970
41.285858 -24.938028 -23.341370
40.919693 -25.979378 -22.793701
39.853477 -27.757671 -22.502838
38.362720 -28.338247 -23.810150
37.533272 -29.009274 -25.104675
36.869705 -29.546146 -26.140289
35.889751 -29.665884 -27.245331
33.430702 -29.838320 -29.942841
32.090641 -29.899611 -31.393616
30.569489 -29.793756 -33.107361
29.352564 -29.709059 -34.478363
27.630520 -29.176682 -36.404846
26.252878 -28.750820 -37.946045
24.102859 -28.255270 -39.593842
22.382837 -27.858829 -40.912079
20.108618 -27.077059 -42.243225
18.289238 -26.451588 -43.308167
16.684038 -25.176844 -44.574951
15.399874 -24.157049 -45.588379
13.923436 -23.186380 -46.675690
12.742290 -22.409830 -47.545532
10.736090 -16.941658 -50.194855
10.491817 -15.245812 -50.913971
10.745503 -13.114782 -51.489288
10.948451 -11.409945 -51.949524
12.158717 -9.736316 -52.594299
13.126931 -8.397438 -53.110107
14.200901 -6.087363 -52.831360
15.060082 -4.239316 -52.608337
17.244444 -2.760864 -52.153351
18.991934 -1.578090 -51.789368
22.586166 2.076483 -50.020721
24.612621 3.375888 -48.838745
26.233784 4.415452 -47.893158
28.129520 4.627557 -46.860138
29.646109 4.797280 -46.033722
31.308485 4.313565 -45.096008
32.638390 3.926580 -44.345856
33.552608 2.377978 -43.607452
34.283989 1.139137 -43.016724
34.869083 -0.781177 -42.129303
35.337162 -2.317415 -41.419342
36.011032 -4.630532 -40.436554
36.550129 -6.481026 -39.650299
36.518040 -11.097144 -37.771423
36.356926 -13.357963 -36.965088
36.228035 -15.166604 -36.320007
36.124924 -16.923277 -35.665680
36.042439 -18.328602 -35.142212
35.976444 -19.762623 -34.308594
35.923649 -20.909826 -33.641693
32.092072 -25.259161 -35.095490
30.491203 -25.748032 -36.985870
28.867842 -25.782148 -38.582886
26.930683 -25.060543 -40.517609
25.842712 -24.528629 -41.512817
24.373529 -24.258011 -42.585541
23.198185 -24.041475 -43.443726
21.210001 -23.558554 -44.268555
19.619452 -23.172165 -44.928406
18.347010 -22.243612 -45.871124
17.329056 -21.500717 -46.625305
15.766190 -20.132086 -47.920074
14.515899 -19.037182 -48.955872
10.958102 -10.068688 -52.988708
11.867038 -8.663363 -53.149078
16.223166 -2.922323 -52.852936
20.506371 -0.056729 -51.888947
22.349981 1.049812 -50.748169
23.824869 1.935058 -49.835541
26.052692 2.488394 -48.690613
27.834944 2.931050 -47.774658
29.859556 2.975415 -46.903595
31.479242 3.010920 -46.206757
32.924694 2.419831 -45.096161
35.455254 0.329661 -42.667236
36.554604 -0.964124 -41.434845
37.284386 -3.393079 -40.448944
37.868214 -5.336203 -39.660217
37.586765 -7.665056 -38.337830
37.630589 -12.102790 -36.018768
37.845776 -14.162478 -35.009827
37.868221 -16.429710 -33.787842
37.886173 -18.243509 -32.810242
37.373108 -22.527916 -30.904724
36.741577 -24.051262 -30.503754
36.236355 -25.269938 -30.182983
35.981873 -26.864424 -29.788086
35.778290 -28.139961 -29.472168
35.166321 -29.160418 -29.081146
33.985680 -30.784723 -28.932922
32.242043 -32.103039 -29.584778
30.227905 -33.535339 -30.886963
27.651424 -34.513943 -32.716003
26.269609 -34.724197 -33.612152
24.265942 -35.047314 -34.605621
22.663010 -35.305832 -35.400421
20.931561 -34.738277 -36.589386
19.546402 -34.284184 -37.540558
17.540068 -33.146568 -38.716339
15.935001 -32.236462 -39.656952
14.201838 -30.734011 -41.239136
12.815307 -29.532063 -42.504883
11.706082 -27.950998 -44.070587
10.818703 -26.686172 -45.323151
9.360290 -24.435272 -46.601776
8.193564 -22.634563 -47.624695
7.110483 -19.800177 -48.996155
6.244016 -17.532616 -50.093323
5.850240 -14.169884 -51.247589
5.535218 -11.479699 -52.171021
6.031711 -8.243385 -52.909760
6.428908 -5.654360 -53.500763
7.794573 -2.034432 -53.420441
8.887107 0.861510 -53.356171
10.359941 3.952630 -53.166473
11.538207 6.425553 -53.014709
13.229330 8.868525 -52.340179
14.582225 10.822889 -51.800568
16.263348 13.160734 -51.092316
17.608244 15.031030 -50.525696
19.432671 16.836994 -49.242737
20.892210 18.281757 -48.216370
27.561623 21.925919 -44.050140
29.491194 22.507784 -43.094299
31.783360 22.818403 -41.361664
33.617096 23.066906 -39.975555
35.084080 22.646200 -39.004944
36.257671 22.309664 -38.228455
37.346245 20.956306 -37.883820
39.471138 14.969243 -37.460022
39.168503 12.141402 -38.237061
38.926407 9.879129 -38.858704
38.433319 6.210804 -38.941162
38.038853 3.276117 -39.007111
37.423874 -0.000860 -39.059875
36.931889 -2.622414 -39.102081
34.876125 -8.906410 -39.162872
33.396679 -11.450476 -39.599335
32.213120 -13.485702 -39.948517
30.817167 -16.043121 -40.366119
29.700411 -18.089060 -40.700226
27.609392 -20.190468 -41.105774
25.936571 -21.871569 -41.430206
22.988792 -24.849960 -42.146301
20.593380 -25.444288 -42.954041
15.109146 -26.046883 -44.779694
10.400521 -24.734386 -46.530151
7.079625 -23.648211 -47.429108
4.422906 -22.779295 -48.148254
1.549026 -20.845163 -48.723572
-0.750076 -19.297884 -49.183838
-3.188164 -17.750273 -49.690338
-5.138633 -16.512224 -50.095520
-6.699008 -14.437659 -50.696228
-7.947314 -12.777981 -51.176788
-8.796256 -10.675910 -51.699524
-9.475410 -8.994214 -52.117706
-9.719327 -6.719644 -52.452271
-9.914457 -4.900026 -52.719910
-9.322059 -2.515040 -53.487152
-8.848138 -0.607090 -54.100952
-7.421091 2.622877 -54.177155
-6.279453 5.206877 -54.238098
-3.869128 8.048405 -54.148590
0.949055 12.759732 -53.466553
3.260990 14.710229 -52.978210
6.308152 16.425480 -51.896149
8.745883 17.797680 -51.030487
15.995359 19.392101 -49.617279
17.693260 19.086870 -49.483948
19.800089 17.913450 -49.100739
21.485554 16.974716 -48.794159
23.283028 15.759115 -48.548889
24.721004 14.786627 -48.352692
25.871387 12.924497 -48.334015
26.791697 11.434806 -48.319061
26.480034 9.004066 -48.583649
26.230703 7.059487 -48.795319
25.282728 5.039204 -49.241241
20.319424 -3.151552 -51.107391
18.906986 -4.988095 -51.505737
16.280024 -7.386569 -51.824402
14.178456 -9.305363 -52.079346
7.052220 -16.402271 -50.414276
4.850088 -18.531252 -49.983276
0.331712 -24.106007 -47.371368
-1.574224 -26.707594 -45.889557
-3.098980 -28.788904 -44.704132
-4.767889 -31.073458 -42.649536
-6.103014 -32.901073 -41.005859
-7.919623 -34.363194 -39.552643
-9.372909 -35.532879 -38.390076
-11.134343 -36.468639 -37.460022
-12.543489 -37.217220 -36.715973
-14.119912 -37.196590 -35.705872
-15.381048 -37.180061 -34.897797
-17.138466 -36.702232 -35.081024
-18.544397 -36.320007 -35.227600
-20.417654 -34.775238 -35.759705
-21.916260 -33.539440 -36.185394
-23.115145 -31.156898 -36.940796
-24.074251 -29.250866 -37.545105
-24.991238 -26.796787 -38.166840
-25.724827 -24.833563 -38.664246
-26.760803 -21.714211 -39.615265
-27.589582 -19.218740 -40.376099
-28.102905 -15.828506 -41.261322
-28.513563 -13.116303 -41.969513
-28.392984 -10.172162 -43.227478
-28.296524 -7.816862 -44.233826
-27.321146 -5.003434 -45.315460
-26.540844 -2.752666 -46.180786
-25.018391 -0.642264 -46.873047
-23.800428 1.046043 -47.426849
-22.376957 2.706450 -48.284729
-21.238176 4.034748 -48.971039
-19.578646 4.787627 -49.796661
-18.251020 5.389956 -50.457153
-16.739817 5.097453 -51.262115
-15.530852 4.863463 -51.906067
-14.114574 3.901852 -52.559509
-12.981556 3.132576 -53.082275
-11.326632 0.968422 -53.223907
-10.002689 -0.762863 -53.337219
-8.344733 -3.541777 -53.151306
-7.018370 -5.764908 -53.002594
-6.106982 -8.472680 -52.468781
-5.377867 -10.638885 -52.041718
-4.046067 -13.765708 -51.008667
-2.980629 -16.267128 -50.182220
-3.475589 -19.662125 -48.967957
-3.871564 -22.378160 -47.996521
-4.787143 -25.480190 -46.527985
-5.519607 -27.961842 -45.353149
-5.955876 -30.411821 -43.445312
-8.154801 -36.030411 -39.223389
-9.111944 -37.331272 -37.296967
-9.877664 -38.371960 -35.755829
-11.238741 -39.204510 -34.246368
-12.327604 -39.870510 -33.038788
-13.498100 -40.558197 -32.349274
-15.932120 -40.928982 -31.079834
-17.130220 -40.785507 -30.505554
-19.136610 -40.206123 -29.769592
-20.741720 -39.742573 -29.180817
-23.073719 -38.907112 -28.433228
-24.939318 -38.238731 -27.835144
-26.880901 -36.619915 -27.218414
-28.434168 -35.324871 -26.725006
-30.125887 -33.669361 -27.298248
-31.479263 -32.344963 -27.756866
-32.561962 -29.891544 -28.676880
-33.428123 -27.928848 -29.412872
-33.971352 -25.894085 -30.831360
-34.405933 -24.266275 -31.966156
-34.005089 -22.034746 -33.703674
-33.684414 -20.249577 -35.093689
-33.427876 -17.892160 -36.897125
-33.222645 -16.006229 -38.339874
-32.908760 -12.948762 -39.770630
-32.657650 -10.502748 -40.915222
-31.708254 -7.152117 -42.384033
-30.948738 -4.471586 -43.559082
-29.442915 -1.552833 -44.637390
-28.238256 0.782169 -45.500031
-25.927217 3.424551 -46.605011
-24.078386 5.538456 -47.488983
-21.551413 8.003974 -48.749298
-19.529831 9.976388 -49.757538
-14.463053 12.816593 -50.960480
-11.913022 14.291078 -51.526489
-9.872996 15.470677 -51.979279
-7.492473 16.259459 -52.203247
-5.588053 16.890482 -52.382416
-3.316007 17.395323 -52.525757
-1.498374 17.799200 -52.640411
0.704242 17.967436 -52.593872
2.466334 18.102018 -52.556641
3.726308 17.125563 -52.665131
4.734284 16.344419 -52.751923
5.989774 14.325624 -53.236206
6.994163 12.710607 -53.623627
7.198865 9.560113 -53.657013
7.362629 7.039718 -53.683716
7.044537 2.855148 -53.428497
6.790065 -0.492509 -53.224335
4.806849 -8.658338 -51.934723
3.802301 -12.955638 -50.369934
2.998661 -16.393478 -49.118103
1.158138 -20.847345 -47.010406
-0.314283 -24.410412 -45.324249
-1.192813 -27.880384 -42.454224
-1.895635 -30.656389 -40.158203
-1.859086 -33.496662 -38.044830
-1.829848 -35.768852 -36.354126
-1.956159 -37.741531 -34.448425
-2.057209 -39.319618 -32.923889
-2.437453 -40.582130 -31.565948
-2.741648 -41.592140 -30.479614
-3.988082 -43.046524 -29.413116
-5.594180 -43.141006 -29.477264
-6.764048 -43.019749 -29.223511
-8.748057 -42.999977 -29.134674
-11.005849 -42.646648 -29.713898
-12.141292 -42.314472 -30.104218
-13.498751 -41.584141 -30.831329
-14.584717 -40.999863 -31.413025
-15.752895 -39.758110 -32.293213
-18.146387 -33.851974 -37.563385
-18.452528 -32.181320 -39.011169
-18.847141 -29.450937 -40.584229
-19.162832 -27.266617 -41.842682
-19.415384 -24.280159 -43.126007
-19.617428 -21.891008 -44.152649
-19.329958 -18.585798 -45.665375
-19.099983 -15.941632 -46.875549
-18.167494 -12.742211 -47.843689
-17.421503 -10.182674 -48.618225
-16.076202 -7.825259 -49.514404
-14.999962 -5.939326 -50.231354
-13.091058 -4.430593 -51.358032
-11.563933 -3.223620 -52.259369
-6.157832 -1.487113 -53.681396
-4.670038 -1.488369 -53.979797
-2.731299 -2.728334 -54.218506
-1.180305 -3.720294 -54.409485
0.808998 -4.978508 -54.423981
2.400436 -5.985079 -54.435577
4.122695 -7.874450 -54.029999
5.500504 -9.385894 -53.705536
7.215087 -13.792618 -52.740509
8.273819 -15.978922 -51.705994
9.120802 -17.727991 -50.878357
9.199589 -19.901602 -49.386566
9.262613 -21.640490 -48.193146
8.006053 -26.095877 -45.230072
6.661070 -28.454416 -43.485138
5.585084 -30.341208 -42.089172
3.975788 -32.160427 -40.142731
2.688346 -33.615803 -38.585571
1.508692 -34.625217 -36.371887
0.564970 -35.432709 -34.600922
-1.088216 -36.698196 -32.631012
-2.410770 -37.710587 -31.055084
-4.217316 -38.985130 -29.932648
-5.662554 -40.004795 -29.034698
-6.818748 -40.820553 -28.316315
-8.783066 -41.840279 -27.420135
-10.579151 -41.749565 -27.648621
-12.716682 -41.041054 -28.347961
-13.809363 -40.720249 -28.596619
-15.282312 -39.999043 -29.486969
-16.460669 -39.422035 -30.199249
-17.852461 -38.031189 -31.045624
-18.965897 -36.918568 -31.722717
-20.156044 -35.254063 -32.955811
-21.108162 -33.922455 -33.942291
-22.169264 -32.082806 -35.284607
-25.405703 -24.609888 -39.942505
-25.906698 -22.619423 -40.776184
-25.858387 -20.097771 -41.996246
-25.819740 -18.080463 -42.972290
-25.788822 -15.072783 -44.306244
-25.764088 -12.666639 -45.373413
-25.594597 -9.967330 -46.227142
-25.459003 -7.807869 -46.910126
-24.901428 -5.615681 -47.456512
-24.455364 -3.861917 -47.893616
-23.649410 -1.684539 -48.658142
-23.004650 0.057324 -49.269775
-21.890032 1.915421 -49.759094
-20.998339 3.401938 -50.150543
-19.686178 5.365493 -50.878540
-18.636452 6.936376 -51.460938
-16.898458 8.812524 -51.650299
-13.796943 11.978820 -52.199524
-10.584421 14.376964 -52.910583
-9.109524 15.229647 -53.224854
-0.040318 19.251600 -53.140289
1.720989 19.903717 -53.132050
4.477344 20.580263 -52.572327
6.682428 21.121500 -52.124542
9.045300 21.864264 -51.766327
10.935601 22.458460 -51.479767
12.747242 22.778931 -50.697388
14.196560 23.035334 -50.071472
15.954820 22.930704 -49.847321
17.361422 22.846998 -49.667999
18.786112 21.850775 -49.386261
19.925861 21.053797 -49.160858
21.286764 19.332100 -48.842255
23.673788 13.183644 -48.469269
23.536596 9.628809 -48.289001
23.426847 6.784901 -48.144775
23.039642 3.270828 -47.752838
22.729883 0.459516 -47.439270
21.434164 -3.647961 -46.497009
20.397583 -6.933996 -45.743195
18.819811 -11.421251 -44.310455
17.557600 -15.011096 -43.164276
15.499915 -19.276857 -40.864532
13.853768 -22.689442 -39.024719
11.938046 -26.348709 -36.861481
10.405466 -29.276123 -35.130890
8.880004 -32.237587 -32.778442
7.659635 -34.606773 -30.896484
6.533632 -36.502094 -29.252625
5.632831 -38.018364 -27.937531
4.463089 -39.541115 -26.608917
3.527296 -40.759327 -25.546021
2.179750 -42.234737 -24.264343
0.778394 -43.457775 -23.692993
0.508754 -44.828587 -22.245911
0.098176 -45.985115 -20.990723
-1.498215 -46.488068 -19.700806
-2.589067 -46.781498 -19.466400
-4.459296 -47.049206 -19.405426
-6.195166 -47.251461 -19.864197
-8.443853 -47.195061 -20.517365
-9.642588 -47.037373 -20.811066
-11.499789 -46.446613 -21.460876
-12.985548 -45.974007 -21.980713
-15.072364 -44.666668 -22.673126
-16.741816 -43.620754 -23.227081
-18.676186 -42.629192 -23.808502
-20.223679 -41.835915 -24.273651
-22.060484 -40.272041 -25.198883
-23.529924 -39.020969 -25.939087
-25.304283 -36.781109 -27.222656
-26.723770 -34.989193 -28.249512
-28.308464 -32.626423 -29.485840
-29.576220 -30.736259 -30.474915
-30.590422 -28.139961 -31.542725
-31.401785 -26.062950 -32.396973
-32.350281 -23.317226 -33.495209
-34.015514 -18.279278 -35.076691
-34.740665 -16.006163 -35.638977
-34.721981 -12.948696 -36.641937
-34.707035 -10.502748 -37.444305
-34.395672 -7.771571 -38.777618
-34.146584 -5.586656 -39.844269
-33.498207 -2.754583 -41.112427
-32.979511 -0.488938 -42.126953
-31.965742 2.717425 -43.076843
-31.154730 5.282516 -43.836761
-29.757408 8.418728 -44.859528
-28.639553 10.927685 -45.677765
-26.547657 13.864058 -46.194061
-24.874142 16.213177 -46.607117
-22.337715 18.711950 -46.660980
-20.308575 20.710978 -46.704071
-17.787052 23.239439 -46.738556
-15.769836 25.262201 -46.766144
-12.808747 26.570665 -46.649933
-10.439878 27.617435 -46.556946
-7.796272 28.919485 -46.897400
-5.681387 29.961132 -47.169769
-3.390675 30.484682 -47.387665
-1.558105 30.903536 -47.561981
11.861180 27.559847 -47.566345
13.637408 25.621054 -47.843201
15.058392 24.070038 -48.064697
16.494581 21.435360 -48.795013
19.836946 13.783560 -50.469513
20.317423 9.798995 -50.580597
20.701803 6.611343 -50.669464
21.159008 2.977068 -50.325714
22.416197 -3.340383 -49.139282
23.129335 -6.068453 -48.410156
23.699844 -9.334983 -46.858887
24.156248 -11.948207 -45.617859
24.820776 -14.968053 -43.933655
25.352396 -17.383917 -42.586273
25.927397 -20.090961 -40.678680
26.387396 -22.256571 -39.152618
26.605694 -24.453718 -37.378632
26.780331 -26.211449 -35.959442
27.069750 -28.392000 -34.132690
27.301285 -30.136442 -32.671295
28.085314 -31.222221 -31.087311
28.712538 -32.090874 -29.820129
29.513718 -32.940678 -28.668121
30.966822 -33.544861 -27.009216
32.435734 -33.281052 -26.777191
33.765064 -32.213917 -27.983856
34.735600 -29.672497 -30.138947
35.080673 -28.218245 -31.273956
35.506435 -25.506109 -32.181946
37.167446 -20.516493 -33.627747
38.223766 -18.260567 -34.203278
39.218521 -15.371700 -34.525421
41.699215 -6.666154 -33.909698
42.447987 -3.308449 -33.322571
43.047005 -0.622297 -32.852875
44.274723 2.301018 -31.647430
45.256897 4.639656 -30.683075
45.892941 6.975187 -28.943634
46.401775 8.843598 -27.552063
46.509445 11.112681 -26.300537
46.595573 12.927935 -25.299316
47.113579 15.309418 -23.668640
47.527985 17.214590 -22.364105
47.410412 19.667976 -20.629089
47.316345 21.630671 -19.241058
47.241096 23.510553 -17.715790
47.180901 25.014460 -16.495575
46.983040 26.682238 -14.828003
46.824749 28.016455 -13.493958
46.398712 30.013067 -11.873596
46.057880 31.610365 -10.577271
45.186413 33.662548 -8.848816
44.489235 35.304310 -7.466064
43.781796 36.927460 -6.221558
42.463676 39.264774 -4.152954
41.230858 41.070442 -2.192993
39.723293 42.783577 0.084717
38.921127 43.530373 1.201843
35.879776 45.442059 3.806152
34.798409 46.586384 5.423523
33.933315 47.501846 6.717407
32.642429 48.079350 8.443970
31.609720 48.541344 9.825195
30.334454 48.601212 12.036438
29.314238 48.649082 13.805420
28.048956 48.842278 15.497192
27.036732 48.996826 16.850586
25.777855 49.275314 18.071594
24.770750 49.498131 19.048401
23.515961 50.140987 19.553284
22.512127 50.655281 19.957153
21.110254 51.221577 19.727173
19.988758 51.674614 19.543152
18.343058 52.966286 18.289734
17.026495 53.999634 17.286987
15.823540 54.826298 15.378540
14.861175 55.487637 13.851746
14.690092 56.171589 11.938904
14.553225 56.718742 10.408630
15.042535 57.001595 8.354736
15.433986 57.227882 6.711609
16.345953 57.254032 4.429138
17.075529 57.274956 2.603149
18.257992 57.291683 0.727539
19.203960 57.305073 -0.772949
20.260145 56.851177 -1.835083
22.379847 55.732933 -2.811401
23.399656 55.128853 -2.912720
24.664606 54.335838 -2.440613
25.676567 53.701408 -2.062927
27.403255 52.787834 -0.274536
28.466295 51.998390 1.329285
29.316723 51.366837 2.612366
29.847366 50.706722 4.745056
30.271881 50.178642 6.451233
30.611490 49.446426 8.645874
30.735485 47.459564 14.174255
30.233873 47.116283 15.792236
29.832581 46.841663 17.086609
29.511543 46.312229 18.675232
29.254713 45.888680 19.946167
28.303278 42.122963 25.008423
28.288103 41.143402 26.948608
28.275967 40.359745 28.500793
27.517748 39.113335 30.019104
26.911175 38.116184 31.233765
26.575613 36.544109 32.896851
26.307165 35.286457 34.227356
25.381674 32.360332 37.387817
24.603502 30.855337 39.341187
23.980968 29.651339 40.903931
21.626953 26.071941 45.321289
20.500093 25.069172 46.230286
19.350924 24.867514 46.691772
17.097322 24.732006 47.494507
16.029907 24.752668 47.841431
13.978358 23.994831 48.118958
6.941408 22.135180 49.183838
5.509948 22.055706 49.192871
4.364779 21.992134 49.200073
3.254665 21.621811 50.206116
-11.021555 9.571220 51.660034
-14.317189 5.897804 51.006104
-15.688573 4.109858 50.650696
-17.085085 1.595413 49.951538
-18.202293 -0.416143 49.392212
-19.694864 -2.644894 48.529907
-20.888926 -4.427882 47.840027
-22.293274 -6.938426 47.011597
-23.416752 -8.946874 46.348816
-24.764639 -11.018200 44.850647
-25.842951 -12.675301 43.652100
-26.855301 -14.620474 42.416687
-27.665184 -16.176613 41.428406
-28.462788 -17.576385 39.946350
-29.100874 -18.696215 38.760681
-29.761044 -19.746952 37.950439
-30.861387 -21.724590 36.092285
-32.134476 -23.516834 34.211670
-33.158833 -24.787809 32.620911
-33.994064 -25.601252 31.243286
-34.234970 -26.306923 29.898132
-34.113926 -27.409761 28.643372
-34.889156 -28.676306 27.139893
-35.790096 -29.328817 25.854797
-37.175087 -29.622578 24.534546
-38.869869 -29.191095 22.362061
-39.672062 -28.762325 21.097961
-40.463512 -28.264460 19.256958
-41.096680 -27.866169 17.784180
-42.202015 -27.237789 15.914551
-43.086285 -26.735100 14.418823
-44.093102 -25.868299 13.083984
-44.898560 -25.174860 12.016113
-45.788952 -24.176355 10.229492
-46.628265 -22.422129 8.837158
-48.243282 -21.020704 7.697144
-48.518105 -19.593164 7.706665
-48.737965 -18.451118 7.714233
-49.213249 -17.227747 8.135193
-49.747971 -14.536901 9.156128
-49.871555 -13.167148 9.703491
-50.318981 -9.800846 11.736267
-50.178665 -7.829556 13.150452
-50.066414 -6.252524 14.281799
-50.126312 -3.906811 15.463440
-50.174229 -2.030201 16.408752
-49.763462 0.555188 17.579834
-49.434845 2.623472 18.516724
-48.872547 5.207340 19.404480
-48.422714 7.274435 20.114685
-47.464039 10.012223 21.374268
-46.697098 12.202495 22.381958
-46.083546 14.264432 23.602905
-45.592705 15.913961 24.579712
-44.900627 17.233599 24.946289
-44.346966 18.289295 25.239563
-43.754333 19.443605 25.335876
-43.350056 20.486343 25.474609
-44.615669 17.026949 26.048645
-45.877365 13.704980 24.935181
-46.625374 11.749458 24.262695
-47.223778 10.185055 23.724731
-47.852203 7.849391 22.326355
-48.354942 5.980847 21.207703
-48.539963 0.502426 17.854431
-48.755447 -2.684433 16.247314
-48.927841 -5.233919 14.961609
-49.030811 -11.653918 9.061279
-48.699024 -13.183875 7.415161
-48.134193 -15.027294 5.406860
-47.682323 -16.502043 3.800171
-47.470531 -17.836756 1.685181
-47.301098 -18.904486 -0.006836
-46.866146 -19.603809 -1.775269
-46.518188 -20.163294 -3.190063
-46.090118 -20.920603 -5.842957
-45.747662 -21.526436 -7.965271
-45.623402 -21.236776 -9.801392
-45.523991 -21.005035 -11.270325
-46.043270 -19.735514 -13.413452
-46.458691 -18.719885 -15.127930
-47.056900 -15.306046 -18.094574
-47.269600 -12.853222 -19.149384
-47.439751 -10.890990 -19.993225
-47.575882 -7.307824 -20.668304
-47.684780 -4.441304 -21.208374
-48.221004 -1.063961 -20.949036
-48.649986 1.637926 -20.741547
-48.693764 4.728650 -20.022430
-48.728790 7.201242 -19.447144
-48.756809 9.953710 -18.157227
-48.779228 12.155684 -17.125305
-48.946857 14.536736 -15.470062
-49.080967 16.441578 -14.145874
-49.038548 18.275179 -12.256836
-49.004620 19.742060 -10.745605
-48.678066 21.070457 -8.845215
-48.416832 22.133163 -7.324890
-48.656944 22.828453 -4.864136
-48.849033 23.384699 -2.895508
-48.703304 23.984549 -0.214355
-48.586720 24.464430 1.930542
-48.044350 25.003220 4.476196
-47.610451 25.434238 6.512695
-47.263329 25.469315 8.695007
-46.985634 25.497381 10.440857
-46.763481 25.210068 12.528931
-46.585754 24.980244 14.199402
-46.443577 24.486612 15.950623
-46.329830 24.091724 17.351624
-46.388538 23.156296 18.610718
-46.435505 22.407980 19.617981
-45.964211 21.051615 21.068420
-46.470966 19.904776 21.996765
-46.950554 18.412903 21.773682
-47.334217 17.219383 21.595215
-47.641151 14.560968 21.175903
-47.886700 12.434237 20.840454
-48.232838 9.958470 20.157227
-49.565254 -0.751292 16.441833
-48.934956 -11.330406 12.190918
-48.472633 -13.854305 11.163391
-47.503975 -16.492918 9.649963
-46.729050 -18.603783 8.439209
-45.660000 -21.531462 6.779175
-44.804764 -23.873604 5.451172
-43.222366 -26.057064 3.697388
-41.956448 -27.803820 2.294312
-40.494606 -29.820732 0.895325
-39.325134 -31.434261 -0.223877
-38.389557 -32.725071 -1.395813
-37.641094 -33.757759 -2.333374
-36.892620 -35.048504 -3.913086
-36.293842 -36.081123 -5.176880
-35.665119 -36.597435 -6.879272
-35.162140 -37.010536 -8.241211
-35.059162 -36.876385 -9.883911
-34.976780 -36.769073 -11.198059
-35.060577 -36.063736 -13.079041
-35.127613 -35.499424 -14.583832
-35.330940 -34.583366 -16.755646
-35.493603 -33.850521 -18.493073
-35.174629 -32.644737 -20.436157
-34.919449 -31.680151 -21.990631
-34.865009 -30.288975 -23.925598
-34.821457 -29.176022 -25.473572
-34.487209 -27.511316 -27.126801
-34.219810 -26.179514 -28.449402
-34.604698 -23.875124 -29.645752
-34.912609 -22.031572 -30.602844
-35.907448 -19.008024 -31.645050
-36.703316 -16.589186 -32.478821
-37.789116 -13.105394 -32.869293
-38.657757 -10.318347 -33.181671
-39.652073 -6.385089 -32.878448
-40.447525 -3.238496 -32.635864
-40.934185 0.827525 -31.888672
-41.323513 4.080369 -31.290924
-42.084080 7.766745 -29.983032
-42.692535 10.715845 -28.936707
-43.328999 14.159239 -27.131683
-43.838169 16.913921 -25.687683
-44.095806 19.737167 -23.287933
-44.301914 21.995771 -21.368134
-44.167400 24.112419 -18.864319
-44.059788 25.805719 -16.861267
-43.973698 27.315247 -14.152588
-43.904823 28.522848 -11.985657
-44.149132 29.643801 -9.560669
-44.344574 30.540585 -7.620728
-44.201527 31.722631 -5.100769
-44.087090 32.668274 -3.084839
-43.995541 32.960152 -0.780640
-43.922302 33.193645 1.062683
-43.714008 33.845066 3.643616
-43.547371 34.366203 5.708374
-43.264362 34.473347 7.498413
-43.037952 34.559067 8.930481
-42.856827 34.163059 10.214417
-42.711926 33.846222 11.241577
-43.494209 32.353790 11.648438
-44.120041 31.159840 11.973938
-45.069813 29.894915 12.096069
-45.829628 28.882988 12.193726
-46.287777 27.144199 11.857056
-47.097214 24.485455 11.510498
-47.451550 23.471279 11.448730
-48.034420 22.040466 11.952454
-48.500717 20.895809 12.355408
-49.023457 19.205715 13.092651
-49.441650 17.853647 13.682434
-49.774380 13.955267 13.784973
-49.892685 11.175295 13.821411
-49.987331 8.951370 13.850586
-50.063046 5.933243 14.150513
-50.123619 3.518702 14.390442
-49.872673 0.657868 14.167542
-49.671917 -1.630852 13.989197
-48.843903 -7.993064 14.230225
-48.399792 -11.649026 13.624512
-48.044510 -14.573795 13.139954
-46.862068 -17.223383 12.752319
-45.916119 -19.343042 12.442200
-44.710255 -21.968035 11.917542
-43.745564 -24.067989 11.497803
-42.674408 -26.212574 10.332336
-41.817482 -27.928253 9.399963
-40.982243 -29.455698 8.515747
-40.314049 -30.677612 7.808411
-39.779491 -31.964918 6.412842
-39.351849 -32.994762 5.296387
-38.466579 -34.477711 3.688660
-37.702713 -35.159843 2.010803
-37.091621 -35.705578 0.668518
-36.902149 -36.142151 -0.820190
-36.750572 -36.491383 -2.011108
-37.228115 -36.151276 -3.516968
-37.766075 -35.661541 -6.376831
-37.890816 -35.487457 -7.700989
-38.290012 -34.728691 -9.451721
-38.609371 -34.121670 -10.852295
-38.715157 -32.861668 -12.525879
-38.799786 -31.853643 -13.864746
-39.166889 -30.892363 -15.350677
-39.460571 -30.123350 -16.539429
-39.845222 -28.733761 -18.181824
-40.152943 -27.622129 -19.495758
-40.399117 -26.113331 -21.238312
-40.596054 -24.906292 -22.632355
-41.053013 -23.011368 -24.300720
-41.418575 -21.495428 -25.635406
-41.561321 -18.424208 -26.841431
-41.675522 -15.967219 -27.806244
-42.215988 -12.298035 -28.578094
-42.648361 -9.362686 -29.195587
-43.143959 -5.620574 -29.827850
-43.540440 -2.626844 -30.333649
-43.707916 1.161947 -30.046906
-43.841904 4.193033 -29.817505
-43.949093 7.856863 -28.666016
-44.034843 10.787913 -27.744812
-43.967888 21.947241 -22.622284
-43.451077 24.538183 -20.973907
-43.037624 26.610929 -19.655182
-42.557159 28.888641 -17.355682
-42.172787 30.710804 -15.516083
-41.565891 32.942894 -12.799866
-41.080368 34.728592 -10.626892
-40.542252 36.157127 -7.782288
-40.111759 37.299965 -5.506592
-39.318256 38.369118 -2.718079
-38.683456 39.224411 -0.487244
-38.175613 39.908661 1.712280
-37.769344 40.456047 3.471863
-37.294624 40.584213 5.709229
-36.914848 40.686764 7.499146
-36.461330 40.923660 9.484192
-36.098515 41.113186 11.072205
-35.359158 41.109947 13.310608
-34.767670 41.107334 15.101318
-34.444180 40.795525 16.395630
-34.185390 40.546066 17.431030
-35.429512 39.350529 18.424255
-36.320969 38.305943 18.362549
-38.053772 36.337132 17.997131
-40.120853 33.621292 17.127197
-41.121952 32.173817 16.633484
-42.821041 29.776863 15.961975
-44.180313 27.859293 15.424744
-45.417435 25.086264 14.441833
-46.407124 22.867826 13.655518
-47.198883 19.699217 12.888184
-47.832287 17.164341 12.274353
-48.937817 13.432807 11.644958
-49.822239 10.447607 11.141479
-50.080677 6.975319 10.323853
-50.287422 4.197529 9.669739
-50.303116 0.426523 9.008179
-50.315678 -2.590281 8.478943
-49.726917 -6.242739 8.332092
-49.255909 -9.164665 8.214600
-48.308197 -15.323632 6.800903
-46.923317 -18.597633 6.021667
-45.815414 -21.216808 5.398315
-42.390610 -28.138243 3.428345
-41.440739 -29.778549 2.908813
-40.680847 -31.090780 2.493164
-39.623829 -32.140594 1.745789
-37.353214 -34.116909 -0.298401
-36.213215 -35.026089 -1.455444
-35.450916 -36.063206 -2.795898
-34.841076 -36.892914 -3.868286
-34.502907 -37.711514 -5.140991
-34.232372 -38.366405 -6.159180
-33.866241 -38.890320 -7.665161
-33.573338 -39.309437 -8.869934
-33.339012 -39.489872 -10.110291
-33.600391 -38.975346 -13.002686
-33.959465 -38.448257 -14.522766
-34.246723 -37.407043 -16.015381
-34.476532 -36.574097 -17.209473
-34.959778 -34.668724 -19.547546
-35.903076 -28.161779 -25.604889
-35.951313 -24.841431 -27.784973
-35.989899 -22.185163 -29.529053
-37.392780 -14.736114 -32.040527
-38.290627 -7.738513 -33.398956
-38.909264 -3.546868 -33.881958
-39.404171 -0.193526 -34.268341
-39.350994 3.883009 -34.300903
-39.308456 7.144249 -34.326965
-39.573826 10.837303 -33.379822
-39.786121 13.791759 -32.622101
-39.955959 16.619963 -31.324524
-40.091824 18.882502 -30.286469
-40.350224 21.466898 -28.488068
-40.556942 23.534422 -27.049347
-40.422909 26.427422 -24.930389
-40.315685 28.741829 -23.235229
-39.780804 30.903107 -20.911133
-39.352898 32.632141 -19.051849
-39.309975 34.634838 -16.319885
-39.275639 36.236996 -14.134308
-39.098469 37.208988 -11.279602
-38.956730 37.986595 -8.995850
-38.543938 38.763538 -6.615723
-38.213703 39.385109 -4.711609
-37.500408 40.501831 -1.805481
-36.929775 41.395210 0.519409
-35.874466 41.800179 2.932434
-35.030212 42.124153 4.862854
-33.905712 42.693096 7.513428
-33.006107 43.148247 9.633911
-31.537918 43.976963 12.298218
-30.363367 44.639954 14.429688
-28.974617 44.550861 16.411438
-27.863619 44.479588 17.996826
-26.825117 44.577442 19.818298
-25.994318 44.655724 21.275452
-24.880573 44.563457 22.579468
-23.989578 44.489670 23.622681
-22.827679 44.585506 24.595520
-21.903053 44.413734 26.134644
-22.508900 43.281639 27.092041
-23.675089 41.318119 27.455872
-25.559185 39.101234 27.716431
-26.628290 38.106529 27.870483
-27.782974 36.381527 28.408630
-28.706724 35.001526 28.839111
-30.194229 33.123131 29.321777
-31.384233 31.620415 29.707886
-32.785343 29.489021 30.569946
-35.102345 25.645451 31.672974
-36.059235 23.934696 32.003723
-36.525345 21.327093 32.683167
-36.898232 19.241022 33.226685
-37.196545 16.333147 34.076355
-37.435188 14.006871 34.756104
-37.775810 10.442251 35.161621
-38.048309 7.590542 35.486023
-37.966900 4.379947 35.330688
-37.901779 1.811484 35.206421
-37.699978 -0.707919 35.521851
-37.538532 -2.723442 35.774231
-36.810574 -5.110214 35.837830
-36.228207 -7.019684 35.888733
-35.462906 -9.476475 35.791138
-34.850670 -11.441880 35.713074
-34.360882 -13.788585 35.650635
-33.969051 -15.665989 35.600708
-33.356182 -17.477671 35.560730
-32.865887 -18.926964 35.528748
-32.024544 -20.705919 35.364868
-30.513611 -23.577332 35.128906
-29.843323 -24.735973 35.045044
-28.608643 -25.846811 35.173157
-27.570841 -26.706404 35.633545
-26.226105 -27.789341 36.158264
-25.185833 -28.048786 36.659973
-24.228119 -27.380405 37.892944
-24.414415 -25.978848 39.176941
-24.365160 -24.953566 39.528015
-25.373665 -23.204100 39.808838
-26.180473 -21.804525 40.033508
-27.574425 -18.981247 40.213257
-29.282309 -13.521868 41.025208
-29.756493 -10.961273 41.559692
-29.836433 -7.518937 41.572449
-29.900387 -4.765081 41.582642
-29.652145 -1.168096 41.867371
-29.453550 1.709465 42.095154
-28.995274 5.095602 42.139099
-28.628653 7.804564 42.174255
-27.886251 10.436367 42.064087
-27.292328 12.541809 41.975952
-26.667488 14.535877 42.320312
-26.167620 16.131124 42.595825
-25.767723 17.717083 42.816223
-25.447805 18.985842 42.992554
-24.448198 20.255329 42.997498
-24.616835 21.625315 43.000671
-26.092491 22.058086 42.251160
-27.735065 21.911802 41.250854
-30.043806 21.570404 40.112854
-31.263897 21.449013 39.585327
-32.539371 21.506767 38.471863
-33.559753 21.552982 37.581116
-34.525757 21.589943 36.315369
-35.298565 21.619497 35.302795
-36.216209 22.107773 33.939575
-36.950329 22.498396 32.848999
-37.687325 22.965778 31.838257
-38.898300 23.483908 30.382812
-39.942787 24.001375 29.451355
-40.202892 24.507439 28.394409
-37.496490 24.058138 32.034546
-36.178135 24.058701 33.399231
-35.123451 24.059130 34.490967
-33.381493 23.594852 36.332336
-31.987926 23.223438 37.805420
-29.525759 23.081186 39.536987
-27.556023 22.967365 40.922241
-23.102831 22.245958 43.912720
-19.872753 21.524817 45.252563
-13.724433 20.331530 47.458435
-10.873021 19.838427 48.365662
-7.394281 19.289057 48.953186
-4.611290 18.849575 49.423218
-1.486683 18.497995 49.384399
1.013001 18.216732 49.353333
3.761253 18.146582 49.190186
5.959853 18.090446 49.059692
8.916346 18.200434 48.955261
13.922206 18.668545 48.113464
18.173872 19.370811 46.606812
19.885170 19.689331 45.886719
21.403917 20.253908 45.310669
22.618914 20.705555 44.849792
23.740614 22.150982 43.927979
24.637970 23.307341 43.190552
25.056454 25.161671 42.047485
25.603868 31.011440 38.820496
25.762434 37.760406 32.974976
24.284544 40.231544 31.608154
22.590183 42.401585 30.733398
20.936918 44.471851 29.343872
19.669254 46.354347 27.929077
18.528608 47.497185 26.719421
17.589005 48.290562 25.060181
16.808023 49.200996 23.694092
15.918969 50.217319 22.653870
15.080511 50.960712 21.351990
14.723545 51.622314 19.910339
14.435199 52.448418 18.489868
13.711735 52.791271 17.221313
12.647614 53.095081 17.220825
11.250305 52.957325 18.289734
9.547634 53.147942 19.222717
6.240754 53.370327 22.083740
5.281540 52.293472 22.370911
4.251499 52.299690 22.318787
6.183626 52.333771 20.965942
10.823369 52.735798 19.780945
13.046883 53.006187 18.683655
15.547781 52.621681 18.230286
16.586687 52.175220 17.239441
18.531815 51.532295 15.259399
20.285685 51.585457 13.687988
21.977030 51.836304 12.792908
23.418768 51.718086 11.943542
24.491182 51.983120 10.763794
25.147591 51.904934 9.400330
25.597637 51.359333 7.753357
26.304832 51.010136 6.533325
26.434660 50.985935 5.525940
19.091251 50.956711 16.610413
17.625046 50.688374 18.570862
15.254475 49.234718 21.245483
13.358014 48.071777 23.385132
10.343830 46.057312 26.341431
7.932480 44.445736 28.706421
3.907580 42.072384 31.842957
0.687662 40.173691 34.352234
-3.385286 35.712154 37.051025
-6.643650 32.142906 39.210083
-10.747353 26.964394 41.075562
-14.030315 22.821609 42.567993
-17.255491 17.648882 42.655640
-19.835634 13.510727 42.725769
-22.797956 8.031941 41.952209
-25.167812 3.648953 41.333374
-27.363104 -1.096425 40.008606
-29.119335 -4.892754 38.948792
-30.823723 -8.859070 36.856384
-32.187233 -12.032110 35.182495
-33.727150 -14.725403 33.151978
-34.959080 -16.880035 31.527527
-36.094322 -18.758631 29.398315
-37.002522 -20.261478 27.694946
-38.028481 -21.773518 25.225952
-38.849251 -22.983135 23.250793
-39.505863 -24.105742 21.117554
-40.031155 -25.003815 19.410950
-40.750790 -25.722246 17.354248
-41.936764 -27.066545 13.286316
-42.424980 -27.682165 11.348267
-42.581566 -29.261841 6.276489
-42.791119 -29.593288 5.049011
-42.509659 -29.858484 3.652222
-42.553459 -30.240313 2.055664
-43.438625 -31.298191 2.805969
-42.698891 -31.998043 4.583862
-41.955997 -32.445988 5.721741
-40.941624 -32.732674 5.703247
-40.561890 -33.752468 5.940369
-39.510468 -34.683865 6.838806
-38.813873 -35.956558 7.081726
-37.044666 -37.140392 7.029602
-35.790894 -38.570972 7.516785
-34.579155 -40.238388 8.413452
-33.076714 -41.498650 9.002319
-31.456461 -42.893795 9.185669
-29.730873 -44.468117 9.828491
-27.369003 -45.413727 10.571716
-26.130024 -45.612278 10.835999
-24.540033 -46.390610 11.323975
-23.268044 -47.013306 11.714355
-21.052835 -47.821194 12.441528
-19.280672 -48.467491 13.023254
-17.264135 -49.139442 13.765198
-15.650906 -49.676975 14.358765
-13.462111 -50.107002 14.695312
-11.711075 -50.451012 14.964539
-9.412037 -50.726261 15.456482
-7.572808 -50.946430 15.850037
-5.652316 -51.122566 16.164917
-2.587408 -51.066433 16.894897
-1.364594 -50.908810 17.277344
0.212464 -50.937572 17.583313
1.474104 -50.960579 17.828064
2.932525 -50.979027 18.162170
4.099258 -50.993771 18.429443
5.481750 -50.695778 18.643250
6.587744 -50.457428 18.814331
8.071347 -50.266743 18.812866
9.258232 -50.114212 18.811707
10.806543 -49.372639 19.087341
12.045191 -48.779434 19.307861
13.185813 -48.304844 19.899109
15.277411 -47.621452 21.027100
17.274721 -46.719479 22.108521
19.241627 -45.460735 23.049561
21.608238 -43.942745 23.485901
22.782368 -43.196545 23.518127
24.320482 -42.289810 23.267334
25.550970 -41.564438 23.066711
27.283863 -41.293884 23.321045
28.670179 -41.077415 23.524536
30.378042 -39.820129 22.995911
31.744335 -38.814285 22.572998
33.436172 -37.854721 21.543274
34.789639 -37.087101 20.719482
36.620922 -36.318153 19.507324
38.085945 -35.702999 18.537598
39.557377 -35.055973 16.517273
40.734516 -34.538342 14.901001
41.975632 -34.279095 13.054871
42.968529 -34.071751 11.578003
44.391678 -32.310249 8.219360
45.069588 -31.035110 6.527344
45.892670 -29.444590 5.084961
47.287720 -27.528442 4.189453
48.116398 -26.502960 3.932556
48.770782 -24.747543 3.562561
49.452557 -23.503876 2.877869
50.584003 -21.093500 1.753662
51.052837 -19.961174 1.292480
51.876999 -18.745539 0.093872
52.914104 -16.375561 -2.046997
53.216316 -15.257582 -2.992554
53.458092 -13.898539 -4.578674
53.651505 -12.811304 -5.847595
53.656536 -11.476922 -7.554138
53.660561 -10.409390 -8.919373
53.514084 -9.400506 -10.841248
53.396900 -8.593410 -12.378784
52.704338 -8.412381 -14.991608
52.150299 -8.267518 -17.081848
51.108257 -7.841920 -19.860291
50.274624 -7.501416 -22.083069
48.709511 -7.229012 -25.382355
43.768162 -8.091117 -32.569305
31.739660 -13.378326 -41.003723
29.689896 -14.408502 -41.901703
26.852468 -15.852175 -42.896637
24.582525 -17.007114 -43.692596
22.167770 -19.170012 -44.052795
20.235962 -20.900372 -44.340973
16.594694 -22.594364 -44.571503
13.681686 -23.949574 -44.755920
10.003959 -25.498373 -44.350342
7.061783 -26.737413 -44.025879
3.510431 -27.883492 -43.351471
0.669344 -28.800407 -42.811951
-3.100543 -29.379002 -42.103760
-6.116450 -29.841888 -41.537201
-9.726788 -29.747606 -40.807404
-12.615058 -29.672167 -40.223572
-15.674180 -28.837433 -39.203369
-18.121479 -28.169647 -38.387207
-21.276928 -26.396446 -37.734283
-23.801287 -24.977898 -37.211945
-26.569284 -22.913778 -37.070618
-28.783682 -21.262495 -36.957550
-31.004307 -18.702496 -37.005402
-32.780804 -16.654510 -37.043671
-34.501404 -14.396601 -36.797729
-35.877888 -12.590273 -36.600983
-36.829372 -9.751390 -36.028748
-37.590557 -7.480258 -35.570953
-38.049809 -4.734138 -35.757843
-38.417206 -2.537255 -35.907349
-38.860825 0.614165 -35.750397
-39.215721 3.135287 -35.624817
-38.751129 5.771652 -35.800934
-38.379456 7.880797 -35.941803
-37.932415 10.187567 -35.777954
-37.574783 12.032969 -35.646881
-36.839573 14.748312 -35.818573
-36.251404 16.920567 -35.955933
-35.032364 19.123003 -36.065826
-34.057129 20.884932 -36.153717
-33.127243 23.533463 -35.947479
-32.383331 25.652294 -35.782501
-30.889996 28.121746 -35.650513
-29.695324 30.097301 -35.544922
-25.153738 33.953564 -36.964996
-23.759005 34.762741 -37.426178
-22.044413 35.719826 -37.656860
-20.672739 36.485497 -37.841400
-18.527489 37.562649 -37.989044
-16.811289 38.424389 -38.107147
-14.989223 39.113762 -38.339905
-13.531573 39.665283 -38.526123
-11.766647 39.796757 -38.951660
-10.354703 39.901917 -39.292084
-8.326940 40.605537 -39.564423
-6.704730 41.168427 -39.782288
-4.658458 41.308994 -39.680023
